name,count_m,count_f,year,count_total,proportion
Jackie,78791,91083,0,169874,0.036179756760893356
Kerry,49861,48642,0,98503,0.006187628803183687
Frankie,41811,36092,0,77903,0.036705903495372505
Emerson,30861,29816,0,60677,0.00861117062478367
Robbie,21258,22456,0,43714,0.013702703939241445
Justice,19492,18380,0,37872,0.014681030840726694
Elisha,15051,14211,0,29262,0.014353085913471397
Kris,14329,13554,0,27883,0.013897356812394679
Stevie,12342,14770,0,27112,0.04477722041900267
Oakley,9893,11515,0,21408,0.037883034379671165
Charlie,2091,2235,2023,4326,0.01664355062413314
Tatum,1492,1314,2023,2806,0.0317177476835353
Blake,1366,1346,2023,2712,0.0036873156342183133
Finley,1171,1106,2023,2277,0.014273166447079544
Dakota,1009,1183,2023,2192,0.039689781021897796
Alexis,641,681,2023,1322,0.015128593040847182
Azariah,511,527,2023,1038,0.007707129094412346
Bellamy,347,330,2023,677,0.012555391432791718
Robin,322,354,2023,676,0.023668639053254448
Justice,256,243,2023,499,0.013026052104208374
Charlie,2105,2335,2022,4440,0.025900900900900914
Blake,1576,1447,2022,3023,0.0213364207740655
Finley,1224,1366,2022,2590,0.027413127413127403
Tatum,1054,1156,2022,2210,0.02307692307692305
Armani,797,705,2022,1502,0.030625832223701743
Azariah,432,478,2022,910,0.025274725274725296
Bellamy,442,407,2022,849,0.020612485276796266
Jamie,447,397,2022,844,0.02962085308056872
Justice,328,318,2022,646,0.007739938080495334
Robin,318,324,2022,642,0.004672897196261683
Charlie,2005,2220,2021,4225,0.02544378698224853
Finley,1306,1413,2021,2719,0.01967635159985287
Dakota,950,1161,2021,2111,0.04997631454287066
Jamie,441,413,2021,854,0.016393442622950838
Justice,439,389,2021,828,0.03019323671497587
Bellamy,446,372,2021,818,0.04523227383863082
Azariah,425,377,2021,802,0.029925187032418976
Ocean,368,313,2021,681,0.04038179148311305
Robin,256,291,2021,547,0.031992687385740404
Kacey,220,208,2021,428,0.014018691588784993
Charlie,1870,2238,2020,4108,0.0447906523855891
Jamie,350,395,2020,745,0.030201342281879207
Azariah,379,317,2020,696,0.04454022988505746
Bellamy,335,341,2020,676,0.00443786982248523
Robin,259,292,2020,551,0.029945553539019953
Murphy,225,261,2020,486,0.037037037037037035
Campbell,165,195,2020,360,0.041666666666666685
Kacey,163,185,2020,348,0.03160919540229884
True,165,170,2020,335,0.007462686567164201
Sidney,166,141,2020,307,0.04071661237785018
Charlie,1830,2085,2019,3915,0.032567049808429116
Justice,460,530,2019,990,0.03535353535353536
Azariah,356,341,2019,697,0.010760401721664259
Bellamy,270,253,2019,523,0.016252390057361343
Robin,257,262,2019,519,0.0048169556840076955
Ocean,184,193,2019,377,0.011936339522546413
Murphy,185,177,2019,362,0.011049723756906049
Sidney,176,179,2019,355,0.004225352112676051
True,151,145,2019,296,0.010135135135135087
Jael,133,154,2019,287,0.036585365853658514
Charlie,1730,1850,2018,3580,0.01675977653631283
Justice,494,576,2018,1070,0.03831775700934581
Azariah,308,328,2018,636,0.01572327044025157
Khari,217,180,2018,397,0.046599496221662484
Murphy,165,146,2018,311,0.030546623794212246
Gentry,131,151,2018,282,0.035460992907801414
Hollis,147,122,2018,269,0.04646840148698883
Brighton,118,131,2018,249,0.026104417670682722
Ramsey,128,114,2018,242,0.02892561983471076
Isa,123,103,2018,226,0.04424778761061943
Charlie,1793,1913,2017,3706,0.016189962223421506
Oakley,613,658,2017,1271,0.017702596380802516
Azariah,292,327,2017,619,0.028271405492730217
Hollis,186,153,2017,339,0.04867256637168138
Murphy,165,148,2017,313,0.027156549520766737
Jael,136,147,2017,283,0.019434628975265045
Jaidyn,124,102,2017,226,0.04867256637168138
Gentry,112,109,2017,221,0.006787330316742057
Honor,98,106,2017,204,0.019607843137254888
Kodi,80,95,2017,175,0.04285714285714287
Charlie,1711,1766,2016,3477,0.007909117054932413
Skyler,770,914,2016,1684,0.04275534441805223
Justice,610,672,2016,1282,0.024180967238689566
Oakley,479,535,2016,1014,0.02761341222879682
Armani,518,449,2016,967,0.035677352637021764
Azariah,301,364,2016,665,0.04736842105263156
Landry,286,327,2016,613,0.033442088091354016
Jael,140,145,2016,285,0.00877192982456143
Hollis,124,127,2016,251,0.005976095617529875
Gentry,97,110,2016,207,0.03140096618357485
Charlie,1674,1561,2015,3235,0.017465224111282818
Oakley,496,471,2015,967,0.01292657704239919
Azariah,360,326,2015,686,0.02478134110787167
Landry,262,297,2015,559,0.03130590339892664
Robin,213,260,2015,473,0.04968287526427062
Salem,139,162,2015,301,0.038205980066445155
Jael,128,152,2015,280,0.04285714285714287
Gentry,97,112,2015,209,0.03588516746411485
Jaidyn,98,96,2015,194,0.005154639175257714
Nikita,92,93,2015,185,0.002702702702702675
Charlie,1695,1438,2014,3133,0.041015001595914424
Skyler,923,1084,2014,2007,0.04010961634280019
Lennon,359,404,2014,763,0.029488859764089104
Oakley,397,364,2014,761,0.021681997371879147
Azariah,270,278,2014,548,0.007299270072992692
Landry,273,274,2014,547,0.000914076782449702
Frankie,227,216,2014,443,0.01241534988713322
Robin,192,226,2014,418,0.040669856459330134
Jaidyn,145,144,2014,289,0.0017301038062284002
Hollis,125,114,2014,239,0.023012552301255207
Charlie,1564,1327,2013,2891,0.04098927706675892
Dakota,904,1088,2013,1992,0.04618473895582331
Justice,592,706,2013,1298,0.04391371340523881
Milan,486,479,2013,965,0.0036269430051812934
Lennon,294,273,2013,567,0.01851851851851849
Oakley,291,274,2013,565,0.015044247787610598
Azariah,260,220,2013,480,0.04166666666666663
Robin,157,190,2013,347,0.04755043227665706
Jael,161,176,2013,337,0.02225519287833827
Jaidyn,140,162,2013,302,0.03642384105960267
Dakota,960,1039,2012,1999,0.01975987993996997
Justice,512,587,2012,1099,0.03412192902638761
Remy,237,196,2012,433,0.04734411085450352
Jaidyn,204,227,2012,431,0.02668213457076568
Jael,202,206,2012,408,0.004901960784313708
Ryley,142,117,2012,259,0.04826254826254828
Palmer,114,138,2012,252,0.047619047619047616
Finnley,121,100,2012,221,0.04751131221719462
Marion,110,109,2012,219,0.0022831050228310223
Jackie,114,98,2012,212,0.037735849056603765
Dakota,1030,1068,2011,2098,0.009056244041944717
Justice,506,552,2011,1058,0.021739130434782594
Jaidyn,239,289,2011,528,0.04734848484848486
Shea,148,172,2011,320,0.03749999999999998
Austyn,159,146,2011,305,0.021311475409836023
Reilly,143,140,2011,283,0.005300353356890497
Aven,133,126,2011,259,0.013513513513513487
Teegan,103,121,2011,224,0.04017857142857145
Britton,113,103,2011,216,0.02314814814814814
Marion,102,111,2011,213,0.02112676056338031
Quinn,1237,1279,2010,2516,0.00834658187599363
Dakota,1141,1142,2010,2283,0.00021901007446339937
Justice,587,550,2010,1137,0.016270888302550524
Jessie,406,419,2010,825,0.007878787878787874
Dominique,248,288,2010,536,0.03731343283582089
Devyn,218,254,2010,472,0.03813559322033899
Landry,231,208,2010,439,0.026195899772209597
Jaedyn,161,175,2010,336,0.020833333333333315
Ryley,161,151,2010,312,0.01602564102564108
Austyn,158,149,2010,307,0.014657980456026065
Dakota,1386,1196,2009,2582,0.03679318357862127
Justice,665,550,2009,1215,0.04732510288065839
Jaylin,581,489,2009,1070,0.04299065420560744
Jessie,460,424,2009,884,0.020361990950226283
Rory,303,287,2009,590,0.013559322033898313
Dominique,296,278,2009,574,0.015679442508710784
Devyn,244,273,2009,517,0.028046421663442955
Landry,169,201,2009,370,0.043243243243243246
Jaedyn,166,178,2009,344,0.017441860465116255
Ryley,173,162,2009,335,0.016417910447761197
Amari,951,829,2008,1780,0.034269662921348365
Justice,680,572,2008,1252,0.04313099041533541
Jaylin,525,524,2008,1049,0.0004766444232602307
Jessie,488,493,2008,981,0.0025484199796126372
Armani,441,388,2008,829,0.03196622436670693
Rory,281,275,2008,556,0.0053956834532373765
Devyn,255,243,2008,498,0.012048192771084376
Reilly,209,193,2008,402,0.01990049751243783
Jaedyn,190,197,2008,387,0.009043927648578809
Ryley,156,173,2008,329,0.025835866261398166
Peyton,3375,2774,2007,6149,0.04886973491624658
Jaylin,600,540,2007,1140,0.02631578947368418
Jessie,533,498,2007,1031,0.016973811833171704
Devyn,250,288,2007,538,0.03531598513011153
Rory,260,245,2007,505,0.014851485148514865
Reilly,218,199,2007,417,0.0227817745803357
Tegan,202,173,2007,375,0.03866666666666663
Ryley,186,186,2007,372,0.0
Emory,152,178,2007,330,0.03939393939393937
Jael,146,175,2007,321,0.04517133956386293
Riley,4396,5056,2006,9452,0.03491324587388911
Peyton,2685,2537,2006,5222,0.01417081577939483
Amari,684,585,2006,1269,0.03900709219858156
Jessie,546,529,2006,1075,0.007906976744186056
Armani,318,283,2006,601,0.02911813643926786
Devyn,282,244,2006,526,0.03612167300380231
Rory,246,231,2006,477,0.01572327044025157
Reilly,174,178,2006,352,0.005681818181818177
Ryley,156,141,2006,297,0.025252525252525304
Tegan,145,145,2006,290,0.0
Peyton,2842,2462,2005,5304,0.03582202111613875
Amari,666,633,2005,1299,0.012702078521939941
Justice,599,538,2005,1137,0.026824978012313094
Jessie,590,507,2005,1097,0.03783044667274382
Devyn,274,290,2005,564,0.014184397163120588
Armani,282,257,2005,539,0.023191094619666064
Ryley,160,176,2005,336,0.023809523809523836
Tegan,136,145,2005,281,0.016014234875444844
Jackie,115,128,2005,243,0.026748971193415627
Emory,114,99,2005,213,0.035211267605633756
Riley,4110,4982,2004,9092,0.047954245490541114
Peyton,2484,2394,2004,4878,0.009225092250922495
Amari,638,696,2004,1334,0.021739130434782594
Justice,650,592,2004,1242,0.023349436392914646
Jessie,571,607,2004,1178,0.01528013582342952
Devyn,310,269,2004,579,0.03540587219343694
Emerson,267,268,2004,535,0.0009345794392523477
Armani,261,227,2004,488,0.0348360655737705
Baby,226,210,2004,436,0.01834862385321101
Ryley,164,165,2004,329,0.0015197568389057614
Riley,4077,4243,2003,8320,0.00997596153846153
Peyton,1768,1700,2003,3468,0.009803921568627416
Justice,666,666,2003,1332,0.0
Jessie,627,618,2003,1245,0.0036144578313253017
Devyn,325,283,2003,608,0.03453947368421051
Armani,268,255,2003,523,0.0124282982791587
Baby,245,245,2003,490,0.0
Ryley,145,174,2003,319,0.04545454545454547
Jackie,147,135,2003,282,0.021276595744680882
Kerry,112,100,2003,212,0.028301886792452824
Riley,3959,3906,2002,7865,0.0033693579148124098
Peyton,1764,1702,2002,3466,0.008944027697634138
Justice,832,725,2002,1557,0.0343609505459217
Jessie,653,676,2002,1329,0.008653122648607958
Reese,675,614,2002,1289,0.023661753297129606
Devyn,281,245,2002,526,0.034220532319391594
Armani,222,248,2002,470,0.02765957446808509
Baby,228,237,2002,465,0.009677419354838734
Rowan,206,207,2002,413,0.001210653753026647
Jackie,148,164,2002,312,0.02564102564102566
Riley,3653,3044,2001,6697,0.045468120053755445
Peyton,2114,1885,2001,3999,0.028632158039509914
Casey,1555,1283,2001,2838,0.047921071176885155
Justice,717,624,2001,1341,0.03467561521252793
Jessie,593,611,2001,1204,0.0074750830564784265
Jaiden,494,451,2001,945,0.022751322751322745
Devyn,326,306,2001,632,0.015822784810126556
Armani,291,305,2001,596,0.011744966442953031
Baby,268,251,2001,519,0.016377649325626242
Rowan,197,174,2001,371,0.030997304582210283
Peyton,2001,1967,2000,3968,0.004284274193548376
Casey,1822,1517,2000,3339,0.045672356993111674
Skyler,1472,1284,2000,2756,0.0341074020319303
Devyn,329,335,2000,664,0.004518072289156627
Jaiden,326,313,2000,639,0.010172143974960912
Armani,280,305,2000,585,0.021367521367521347
Baby,281,263,2000,544,0.016544117647058876
Infant,216,210,2000,426,0.007042253521126751
Joan,170,163,2000,333,0.010510510510510551
Rowan,155,158,2000,313,0.004792332268370614
Casey,2043,1802,1999,3845,0.031339401820546176
Avery,1368,1491,1999,2859,0.021511017838405033
Peyton,1382,1356,1999,2738,0.0047479912344776665
Skyler,1427,1219,1999,2646,0.039304610733182144
Ashton,1065,904,1999,1969,0.040883697308278344
Infant,361,350,1999,711,0.007735583684950753
Devyn,333,320,1999,653,0.009954058192955584
Baby,267,240,1999,507,0.026627218934911268
Armani,247,255,1999,502,0.007968127490039834
Jaiden,243,214,1999,457,0.03172866520787743
Casey,1975,2103,1998,4078,0.01569396763119174
Peyton,1451,1417,1998,2868,0.005927475592747533
Avery,1237,1242,1998,2479,0.0010084711577248995
Ashton,1028,945,1998,1973,0.021033958438925526
Jessie,642,744,1998,1386,0.03679653679653677
Sage,360,393,1998,753,0.021912350597609542
Devyn,296,287,1998,583,0.007718696397941649
Armani,262,226,1998,488,0.03688524590163933
Elisha,254,219,1998,473,0.03699788583509511
Baby,225,234,1998,459,0.009803921568627472
Casey,2097,2195,1997,4292,0.011416589002795907
Peyton,1121,1303,1997,2424,0.03754125412541254
Ashton,964,978,1997,1942,0.0036045314109166005
Jessie,753,846,1997,1599,0.029080675422138824
Justice,802,680,1997,1482,0.04116059379217274
Darian,596,572,1997,1168,0.010273972602739767
Sage,416,460,1997,876,0.02511415525114158
Devyn,276,278,1997,554,0.0018050541516245744
Baby,240,235,1997,475,0.0052631578947368585
Armani,260,214,1997,474,0.048523206751054815
Casey,2464,2550,1996,5014,0.008575987235739935
Jessie,874,981,1996,1855,0.028840970350404338
Ashton,800,895,1996,1695,0.028023598820059004
Justice,827,862,1996,1689,0.010361160449970375
Harley,605,730,1996,1335,0.04681647940074907
Darian,537,483,1996,1020,0.026470588235294135
Sage,311,337,1996,648,0.020061728395061706
Devyn,284,255,1996,539,0.026901669758812585
Baby,264,220,1996,484,0.045454545454545414
Elisha,230,224,1996,454,0.0066079295154185536
Casey,2629,2638,1995,5267,0.000854376305297111
Ashton,808,931,1995,1739,0.035365152386428955
Harley,652,752,1995,1404,0.035612535612535634
Darian,594,680,1995,1274,0.033751962323390894
Skylar,561,685,1995,1246,0.04975922953451045
Addison,350,315,1995,665,0.02631578947368418
Baby,334,308,1995,642,0.02024922118380057
Sage,254,289,1995,543,0.0322283609576427
Devyn,266,253,1995,519,0.012524084778420042
Unknown,248,223,1995,471,0.026539278131634814
Casey,3046,2691,1994,5737,0.030939515426180897
Harley,789,858,1994,1647,0.020947176684881608
Skylar,585,621,1994,1206,0.014925373134328346
Infant,195,180,1994,375,0.020000000000000018
Unknown,163,161,1994,324,0.0030864197530864335
Tory,169,150,1994,319,0.029780564263322873
Shay,130,157,1994,287,0.047038327526132406
Codi,139,119,1994,258,0.03875968992248058
Kirby,136,115,1994,251,0.041832669322709126
Sunny,103,105,1994,208,0.004807692307692291
Jessie,1083,1108,1993,2191,0.0057051574623459556
Ashton,714,792,1993,1506,0.02589641434262946
Harley,727,718,1993,1445,0.0031141868512111204
Chandler,661,733,1993,1394,0.025824964131994255
Skylar,574,547,1993,1121,0.012042818911686015
Darian,565,523,1993,1088,0.01930147058823528
Sidney,401,420,1993,821,0.011571254567600497
Baby,331,296,1993,627,0.027910685805422664
Infant,202,195,1993,397,0.008816120906801062
Sage,176,212,1993,388,0.04639175257731959
Casey,3574,3007,1992,6581,0.04307855948943928
Jessie,1048,1096,1992,2144,0.011194029850746245
Kendall,787,746,1992,1533,0.013372472276581893
Harley,557,456,1992,1013,0.04985192497532087
Avery,469,433,1992,902,0.019955654101995512
Skylar,469,413,1992,882,0.031746031746031744
Sidney,386,366,1992,752,0.013297872340425565
Darian,349,305,1992,654,0.033639143730886834
Baby,333,294,1992,627,0.031100478468899517
Infant,324,284,1992,608,0.03289473684210531
Jessie,1176,1116,1991,2292,0.01308900523560208
Ashton,669,718,1991,1387,0.0176640230713771
Devan,509,449,1991,958,0.03131524008350728
Kerry,414,477,1991,891,0.03535353535353536
Skylar,415,364,1991,779,0.03273427471116819
Avery,400,340,1991,740,0.04054054054054057
Kristian,377,341,1991,718,0.02506963788300831
Sidney,383,325,1991,708,0.04096045197740117
Harley,350,316,1991,666,0.02552552552552556
Jean,306,274,1991,580,0.02758620689655178
Taylor,6579,7261,1990,13840,0.0246387283236994
Jessie,1255,1118,1990,2373,0.028866413822166037
Infant,596,582,1990,1178,0.005942275042444822
Skylar,448,419,1990,867,0.016724336793540906
Devan,387,321,1990,708,0.04661016949152541
Kristian,315,357,1990,672,0.03125
Baby,271,227,1990,498,0.04417670682730923
Shea,221,228,1990,449,0.007795100222717122
Dominque,198,211,1990,409,0.0158924205378973
Jody,214,188,1990,402,0.03233830845771146
Taylor,4857,4069,1989,8926,0.04414071252520724
Jessie,1133,1147,1989,2280,0.0030701754385965008
Kendall,688,624,1989,1312,0.024390243902439046
Infant,376,392,1989,768,0.010416666666666685
Unknown,262,251,1989,513,0.010721247563352798
Baby,266,226,1989,492,0.04065040650406504
Shea,218,231,1989,449,0.014476614699331869
Jody,219,227,1989,446,0.008968609865470878
Dominque,179,192,1989,371,0.017520215633423153
Marion,149,152,1989,301,0.004983388704318914
Angel,1828,1704,1988,3532,0.017553793884484747
Jessie,1082,1161,1988,2243,0.017610343290236308
Kendall,665,572,1988,1237,0.03759094583670175
Loren,301,325,1988,626,0.019169329073482455
Jean,289,329,1988,618,0.03236245954692557
Jody,252,272,1988,524,0.01908396946564883
Shea,245,253,1988,498,0.008032128514056214
Kristian,193,217,1988,410,0.029268292682926855
Marion,168,175,1988,343,0.010204081632653073
Baby,171,161,1988,332,0.015060240963855387
Casey,3926,3581,1987,7507,0.022978553350206488
Angel,1654,1445,1987,3099,0.03372055501774762
Jessie,1162,1222,1987,2384,0.012583892617449688
Jaime,1184,1108,1987,2292,0.016579406631762605
Ali,307,258,1987,565,0.04336283185840706
Jody,249,283,1987,532,0.031954887218045125
Shea,261,229,1987,490,0.03265306122448974
Carey,140,154,1987,294,0.023809523809523836
Marion,137,151,1987,288,0.02430555555555558
Shay,106,114,1987,220,0.018181818181818188
Casey,3762,3423,1986,7185,0.023590814196242205
Angel,1651,1583,1986,3234,0.010513296227581903
Jaime,1214,1219,1986,2433,0.001027538018906704
Jessie,1118,1277,1986,2395,0.03319415448851776
Kendall,511,510,1986,1021,0.0004897159647404559
Loren,366,311,1986,677,0.04062038404726731
Jody,271,324,1986,595,0.04453781512605043
Ali,285,280,1986,565,0.004424778761061954
Marion,164,162,1986,326,0.0030674846625766694
Carey,157,153,1986,310,0.006451612903225823
Angel,1562,1781,1985,3343,0.032755010469638024
Jessie,1131,1111,1985,2242,0.004460303300624413
Kendall,466,447,1985,913,0.010405257393209189
Shea,234,193,1985,427,0.04800936768149888
Carey,169,175,1985,344,0.008720930232558155
Marion,154,168,1985,322,0.021739130434782594
Baby,91,100,1985,191,0.023560209424083767
Tristen,77,65,1985,142,0.04225352112676062
Britt,67,71,1985,138,0.014492753623188415
Montana,54,52,1985,106,0.009433962264150941
Angel,1418,1685,1984,3103,0.043022881082823095
Jessie,1095,993,1984,2088,0.02442528735632188
Kendall,429,471,1984,900,0.023333333333333317
Marion,169,165,1984,334,0.005988023952095856
Jan,145,124,1984,269,0.03903345724907059
Paris,125,138,1984,263,0.024714828897338392
Britt,77,80,1984,157,0.009554140127388533
Layne,58,54,1984,112,0.017857142857142905
Tristen,47,54,1984,101,0.03465346534653463
Demetrice,44,49,1984,93,0.026881720430107503
Angel,1349,1576,1983,2925,0.03880341880341881
Shea,106,119,1983,225,0.02888888888888891
Paris,101,109,1983,210,0.019047619047619035
Kendal,64,68,1983,132,0.015151515151515138
Baby,54,60,1983,114,0.026315789473684237
Marlo,49,56,1983,105,0.033333333333333326
Tristen,45,52,1983,97,0.03608247422680411
Lorin,44,53,1983,97,0.04639175257731959
Demetrice,47,47,1983,94,0.0
Dominque,43,51,1983,94,0.04255319148936171
Angel,1442,1744,1982,3186,0.04739485247959824
Jessie,1328,1144,1982,2472,0.03721682847896435
Devon,460,502,1982,962,0.021829521829521803
Marion,183,211,1982,394,0.035532994923857864
Jan,143,163,1982,306,0.0326797385620915
Stevie,141,129,1982,270,0.022222222222222254
Shea,108,132,1982,240,0.04999999999999999
Paris,126,110,1982,236,0.03389830508474578
Kendal,52,60,1982,112,0.0357142857142857
Michal,49,57,1982,106,0.037735849056603765
Jessie,1253,1209,1981,2462,0.008935824532900094
Ariel,236,228,1981,464,0.008620689655172376
Marion,187,211,1981,398,0.03015075376884424
Kristian,148,140,1981,288,0.01388888888888884
Ivory,70,67,1981,137,0.010948905109489093
Lorin,42,48,1981,90,0.033333333333333326
Jacque,42,47,1981,89,0.02808988764044945
Deven,33,28,1981,61,0.040983606557377095
Kareen,29,24,1981,53,0.047169811320754707
Kodi,25,27,1981,52,0.019230769230769218
Angel,1418,1687,1980,3105,0.043317230273752005
Marion,204,190,1980,394,0.017766497461928932
Ivory,76,73,1980,149,0.010067114093959773
Tramaine,62,73,1980,135,0.040740740740740744
Demetrice,52,59,1980,111,0.03153153153153154
Adrien,51,50,1980,101,0.004950495049504955
Lorin,45,53,1980,98,0.040816326530612235
Deven,48,49,1980,97,0.005154639175257714
Sage,35,35,1980,70,0.0
Thanh,32,37,1980,69,0.03623188405797101
Morgan,503,443,1979,946,0.031712473572938715
Dusty,193,194,1979,387,0.0012919896640826711
Shay,86,89,1979,175,0.008571428571428563
Ivory,82,84,1979,166,0.006024096385542188
Adrien,56,49,1979,105,0.033333333333333326
Cleo,31,36,1979,67,0.03731343283582089
Karon,34,32,1979,66,0.015151515151515138
Sheridan,32,29,1979,61,0.024590163934426257
Kenyata,25,30,1979,55,0.04545454545454547
Merritt,23,25,1979,48,0.020833333333333315
Dusty,226,212,1978,438,0.01598173515981738
Marion,206,184,1978,390,0.028205128205128216
Kenyatta,158,187,1978,345,0.042028985507246375
Kai,74,67,1978,141,0.024822695035460973
Ivory,63,62,1978,125,0.0040000000000000036
Paris,61,51,1978,112,0.044642857142857095
Darby,57,55,1978,112,0.008928571428571397
Demetrice,55,57,1978,112,0.008928571428571452
Sage,57,53,1978,110,0.018181818181818188
Lashaun,47,53,1978,100,0.030000000000000027
Marion,227,229,1977,456,0.0021929824561403577
Kenyatta,160,153,1977,313,0.011182108626198062
Shay,77,65,1977,142,0.04225352112676062
Darby,45,50,1977,95,0.026315789473684237
Kareen,45,41,1977,86,0.023255813953488413
Lorin,39,33,1977,72,0.04166666666666663
Cleo,37,32,1977,69,0.036231884057971064
Kiley,31,32,1977,63,0.007936507936507964
Lashaun,29,34,1977,63,0.03968253968253971
Micha,27,33,1977,60,0.04999999999999999
Kenyatta,182,161,1976,343,0.030612244897959218
Jade,116,141,1976,257,0.04863813229571984
Trinity,110,131,1976,241,0.04356846473029047
Kelsey,101,116,1976,217,0.03456221198156684
Shea,103,112,1976,215,0.020930232558139528
Shay,72,84,1976,156,0.038461538461538436
Cassidy,52,62,1976,114,0.04385964912280704
Darby,55,54,1976,109,0.004587155963302725
Ivory,45,55,1976,100,0.04999999999999999
Demetrice,49,50,1976,99,0.0050505050505050275
Jamie,4573,4233,1975,8806,0.019305019305019266
Marion,245,234,1975,479,0.011482254697286032
Kenyatta,226,217,1975,443,0.010158013544018019
Aubrey,199,229,1975,428,0.03504672897196259
Shea,110,118,1975,228,0.017543859649122806
Kelsey,97,105,1975,202,0.01980198019801982
Britt,81,99,1975,180,0.04999999999999999
Andra,81,84,1975,165,0.009090909090909094
Tobey,52,53,1975,105,0.004761904761904745
Michal,46,53,1975,99,0.03535353535353536
Marion,266,234,1974,500,0.03200000000000003
Aubrey,174,185,1974,359,0.01532033426183843
Jade,96,94,1974,190,0.0052631578947368585
Kelsey,73,88,1974,161,0.046583850931676996
Darby,73,71,1974,144,0.00694444444444442
Michal,45,52,1974,97,0.03608247422680411
Tobey,49,47,1974,96,0.01041666666666663
Kai,50,43,1974,93,0.037634408602150504
Demetris,40,39,1974,79,0.006329113924050667
Cassidy,42,36,1974,78,0.038461538461538436
Marion,298,268,1973,566,0.026501766784452263
Aubrey,169,142,1973,311,0.043408360128617374
Dusty,135,148,1973,283,0.022968197879858654
Kenyatta,142,123,1973,265,0.03584905660377358
Ali,113,101,1973,214,0.028037383177570097
Kelsey,73,77,1973,150,0.013333333333333308
Andra,68,72,1973,140,0.01428571428571429
Cheyenne,60,53,1973,113,0.030973451327433676
Paris,53,45,1973,98,0.04081632653061229
Kai,53,44,1973,97,0.046391752577319534
Marion,300,293,1972,593,0.00590219224283306
Dusty,135,143,1972,278,0.014388489208633115
Kenyatta,111,133,1972,244,0.04508196721311475
Ali,118,100,1972,218,0.041284403669724745
Jade,101,92,1972,193,0.023316062176165775
Kelsey,73,76,1972,149,0.010067114093959717
Lindsey,62,75,1972,137,0.04744525547445255
Kai,53,46,1972,99,0.03535353535353536
Cheyenne,43,52,1972,95,0.04736842105263156
Lavon,37,40,1972,77,0.019480519480519487
Jamie,3231,3055,1971,6286,0.013999363665287978
Jody,1704,1937,1971,3641,0.03199670420214229
Marion,344,361,1971,705,0.0120567375886525
Britt,115,128,1971,243,0.026748971193415627
Dusty,119,111,1971,230,0.017391304347826098
Brook,118,108,1971,226,0.02212389380530977
Germaine,95,95,1971,190,0.0
Darby,96,88,1971,184,0.021739130434782594
Deshawn,78,82,1971,160,0.012500000000000011
Kelsey,71,71,1971,142,0.0
Jamie,2642,3202,1970,5844,0.0479123887748118
Angel,1035,1108,1970,2143,0.017032197853476427
Kris,415,437,1970,852,0.012910798122065748
Britt,131,118,1970,249,0.026104417670682722
Jammie,92,95,1970,187,0.008021390374331527
Kenyatta,80,67,1970,147,0.04421768707482998
Lindsey,77,70,1970,147,0.023809523809523836
Deshawn,53,58,1970,111,0.022522522522522515
Vernell,51,45,1970,96,0.03125
Demetris,32,36,1970,68,0.02941176470588236
Rene,815,670,1969,1485,0.04882154882154888
Marion,341,414,1969,755,0.04834437086092713
Carey,344,373,1969,717,0.020223152022315227
Britt,100,122,1969,222,0.04954954954954954
Lindsey,65,68,1969,133,0.011278195488721832
Paris,66,59,1969,125,0.028000000000000025
Jade,60,56,1969,116,0.017241379310344862
Lacy,49,57,1969,106,0.037735849056603765
Lavern,48,43,1969,91,0.027472527472527486
Kelsey,38,45,1969,83,0.042168674698795205
Rene,710,670,1968,1380,0.01449275362318836
Marion,367,435,1968,802,0.04239401496259354
Carey,337,323,1968,660,0.010606060606060619
Jade,60,54,1968,114,0.02631578947368418
Lavern,48,57,1968,105,0.04285714285714287
Vernell,50,42,1968,92,0.04347826086956519
Kary,41,48,1968,89,0.0393258426966292
Shea,44,42,1968,86,0.011627906976744207
Cleo,31,37,1968,68,0.04411764705882354
Shay,32,34,1968,66,0.015151515151515138
Kerry,1124,1258,1967,2382,0.028127623845507987
Vernell,44,53,1967,97,0.04639175257731959
Lindsay,41,48,1967,89,0.0393258426966292
Regan,40,42,1967,82,0.012195121951219523
Jade,39,43,1967,82,0.024390243902439046
Alva,36,39,1967,75,0.020000000000000018
Cleo,33,39,1967,72,0.041666666666666685
Nickie,33,37,1967,70,0.02857142857142858
Lavon,32,37,1967,69,0.03623188405797101
Clair,33,28,1967,61,0.040983606557377095
Kerry,1241,1032,1966,2273,0.045974483062032556
Rene,675,586,1966,1261,0.035289452815226
Britt,79,67,1966,146,0.04109589041095896
Lavern,61,66,1966,127,0.01968503937007876
Brook,63,55,1966,118,0.03389830508474578
Lindsay,56,59,1966,115,0.013043478260869545
Cleo,52,53,1966,105,0.004761904761904745
Alva,39,44,1966,83,0.03012048192771083
Unknown,40,34,1966,74,0.04054054054054057
Merritt,34,37,1966,71,0.02112676056338031
Rene,745,635,1965,1380,0.03985507246376807
Andra,82,82,1965,164,0.0
Ollie,67,61,1965,128,0.0234375
Paris,59,66,1965,125,0.028000000000000025
Alva,44,53,1965,97,0.04639175257731959
Ricki,34,33,1965,67,0.007462686567164201
Unknown,35,29,1965,64,0.046875
Jade,25,26,1965,51,0.009803921568627472
Temple,22,26,1965,48,0.041666666666666685
Deane,24,23,1965,47,0.010638297872340385
Rene,778,654,1964,1432,0.04329608938547491
Alexis,86,104,1964,190,0.04736842105263156
Andra,85,98,1964,183,0.03551912568306009
Paris,70,67,1964,137,0.010948905109489093
Alva,51,56,1964,107,0.023364485981308414
Unknown,49,44,1964,93,0.026881720430107503
Jammie,42,49,1964,91,0.038461538461538436
Kary,41,40,1964,81,0.006172839506172867
Nicola,37,44,1964,81,0.0432098765432099
Ricki,37,43,1964,80,0.03749999999999998
Rene,715,816,1963,1531,0.03298497713912474
Courtney,148,163,1963,311,0.024115755627009627
Ashley,128,108,1963,236,0.0423728813559322
Devon,104,87,1963,191,0.04450261780104714
Ollie,83,86,1963,169,0.008875739644970404
Paris,61,68,1963,129,0.027131782945736427
Cleo,47,55,1963,102,0.03921568627450983
Alva,45,52,1963,97,0.03608247422680411
Kary,50,42,1963,92,0.04347826086956519
Ricki,39,44,1963,83,0.03012048192771083
Kris,513,590,1962,1103,0.03490480507706256
Ashley,114,95,1962,209,0.045454545454545414
Ollie,105,99,1962,204,0.014705882352941124
Dorian,70,85,1962,155,0.04838709677419356
Lacy,49,48,1962,97,0.005154639175257714
Darby,36,44,1962,80,0.04999999999999999
Lorenza,41,35,1962,76,0.03947368421052633
Elisha,34,40,1962,74,0.040540540540540515
Kit,29,33,1962,62,0.03225806451612906
Kasey,25,29,1962,54,0.037037037037037035
Rene,704,858,1961,1562,0.049295774647887314
Angel,669,596,1961,1265,0.028853754940711518
Ollie,108,113,1961,221,0.011312217194570151
Val,88,96,1961,184,0.021739130434782594
Paris,63,77,1961,140,0.04999999999999999
Dorian,66,61,1961,127,0.019685039370078705
Alva,65,54,1961,119,0.04621848739495793
Tory,49,56,1961,105,0.033333333333333326
Allyn,41,35,1961,76,0.03947368421052633
Dann,33,39,1961,72,0.041666666666666685
Robbie,453,463,1960,916,0.00545851528384278
Paris,63,56,1960,119,0.02941176470588236
Alva,60,59,1960,119,0.004201680672268893
Dann,49,42,1960,91,0.038461538461538436
Tory,47,43,1960,90,0.022222222222222254
Kit,39,38,1960,77,0.00649350649350644
Nicola,32,30,1960,62,0.016129032258064502
Teddie,28,26,1960,54,0.01851851851851849
Tonnie,24,27,1960,51,0.02941176470588236
Terryl,26,24,1960,50,0.020000000000000018
Pat,948,1002,1959,1950,0.013846153846153841
Robbie,388,429,1959,817,0.025091799265605896
Paris,49,45,1959,94,0.021276595744680882
Nickie,36,37,1959,73,0.006849315068493178
Linn,31,36,1959,67,0.03731343283582089
Lin,28,31,1959,59,0.02542372881355931
Deon,28,25,1959,53,0.028301886792452824
Natividad,25,22,1959,47,0.03191489361702127
Kimmy,22,25,1959,47,0.03191489361702127
Terryl,23,23,1959,46,0.0
Rene,552,621,1958,1173,0.02941176470588236
Robbie,404,467,1958,871,0.03616532721010335
Ollie,126,144,1958,270,0.033333333333333326
Val,127,110,1958,237,0.03586497890295359
Lindsay,89,81,1958,170,0.02352941176470591
Courtney,78,71,1958,149,0.023489932885906062
Dorian,54,62,1958,116,0.03448275862068967
Devon,46,38,1958,84,0.04761904761904767
Nickie,39,40,1958,79,0.006329113924050611
Darby,36,34,1958,70,0.014285714285714235
Kelly,1876,1903,1957,3779,0.003572373643821125
Rene,554,635,1957,1189,0.0340622371740959
Kris,358,420,1957,778,0.03984575835475579
Unknown,391,323,1957,714,0.04761904761904767
Lindsay,96,98,1957,194,0.005154639175257714
Cris,73,67,1957,140,0.021428571428571463
Dorian,64,63,1957,127,0.003937007874015741
Devon,41,41,1957,82,0.0
Kary,32,31,1957,63,0.007936507936507908
Mallory,30,25,1957,55,0.045454545454545414
Jackie,1861,1983,1956,3844,0.015868886576482832
Rene,540,613,1956,1153,0.03165654813529922
Shawn,569,547,1956,1116,0.009856630824372714
Unknown,457,540,1956,997,0.0416248746238716
Pat,418,435,1956,853,0.009964830011723325
Kris,267,302,1956,569,0.030755711775043937
Lindsay,96,83,1956,179,0.03631284916201116
Randie,31,35,1956,66,0.030303030303030276
Glennis,26,27,1956,53,0.009433962264150941
Nicola,24,27,1956,51,0.02941176470588236
Jackie,2000,1797,1955,3797,0.02673163023439562
Dana,1571,1568,1955,3139,0.00047785919082510286
Unknown,497,564,1955,1061,0.03157398680490103
Rene,528,465,1955,993,0.031722054380664666
Pat,329,359,1955,688,0.021802325581395332
Kris,239,260,1955,499,0.021042084168336694
Alva,82,98,1955,180,0.04444444444444445
Kelley,74,90,1955,164,0.04878048780487804
Linn,32,35,1955,67,0.022388059701492546
Kary,26,23,1955,49,0.030612244897959218
Kim,3167,2928,1954,6095,0.01960623461853983
Jackie,1954,1733,1954,3687,0.029970165446162156
Unknown,549,644,1954,1193,0.03981559094719195
Pat,314,291,1954,605,0.0190082644628099
Kris,204,187,1954,391,0.021739130434782594
Lindsay,94,77,1954,171,0.049707602339181256
Kelley,65,73,1954,138,0.02898550724637683
Dell,68,57,1954,125,0.04400000000000004
Dorian,55,50,1954,105,0.023809523809523836
Nickie,44,46,1954,90,0.011111111111111127
Jackie,1970,1728,1953,3698,0.032720389399675476
Jessie,1071,900,1953,1971,0.04337899543378998
Unknown,525,600,1953,1125,0.033333333333333326
Rene,426,367,1953,793,0.03720050441361922
Tracy,327,326,1953,653,0.0007656967840734552
Kris,193,158,1953,351,0.049857549857549865
Hollis,151,141,1953,292,0.017123287671232834
Lavern,103,102,1953,205,0.0024390243902439046
Alva,65,67,1953,132,0.007575757575757569
Carrol,57,62,1953,119,0.02100840336134452
Dana,1380,1144,1952,2524,0.046751188589540416
Jessie,1034,878,1952,1912,0.04079497907949792
Pat,328,300,1952,628,0.022292993630573243
Tracy,331,288,1952,619,0.03473344103392573
Hollis,146,124,1952,270,0.040740740740740744
Lavern,113,132,1952,245,0.038775510204081653
Ricki,92,108,1952,200,0.03999999999999998
Alva,97,81,1952,178,0.0449438202247191
Carrol,62,73,1952,135,0.040740740740740744
Allyn,51,60,1952,111,0.040540540540540515
Leslie,2297,2540,1951,4837,0.02511887533595203
Dana,1283,1077,1951,2360,0.04364406779661012
Jessie,989,940,1951,1929,0.012700881285640175
Pat,315,325,1951,640,0.0078125
Kris,145,149,1951,294,0.006802721088435382
Shawn,138,123,1951,261,0.028735632183908066
Stacy,116,108,1951,224,0.017857142857142905
Lindsay,106,112,1951,218,0.01376146788990823
Lavern,86,95,1951,181,0.024861878453038666
Devon,37,41,1951,78,0.02564102564102566
Leslie,2133,2329,1950,4462,0.02196324518153292
Jessie,1021,936,1950,1957,0.021716913643331615
Pat,384,440,1950,824,0.03398058252427183
Lindsay,97,116,1950,213,0.04460093896713613
Kris,106,104,1950,210,0.004761904761904745
Carrol,95,85,1950,180,0.02777777777777779
Alva,97,80,1950,177,0.04802259887005644
Devon,43,37,1950,80,0.03749999999999998
Dorian,42,37,1950,79,0.03164556962025311
Michal,37,41,1950,78,0.02564102564102566
Leslie,2208,2418,1949,4626,0.022697795071335902
Jessie,1022,1030,1949,2052,0.001949317738791423
Kris,107,94,1949,201,0.03233830845771146
Stacy,98,84,1949,182,0.038461538461538436
Sheridan,39,47,1949,86,0.04651162790697677
Vernie,29,30,1949,59,0.008474576271186418
Ardell,28,25,1949,53,0.028301886792452824
Lyndell,25,26,1949,51,0.009803921568627472
Delane,23,25,1949,48,0.020833333333333315
Teddie,24,23,1949,47,0.010638297872340385
Leslie,2214,2305,1948,4519,0.010068599247621157
Jessie,1095,1071,1948,2166,0.005540166204986097
Toby,136,117,1948,253,0.03754940711462451
Lavern,127,112,1948,239,0.03138075313807531
Lindsay,65,68,1948,133,0.011278195488721832
Stacy,67,62,1948,129,0.019379844961240345
Lennie,55,50,1948,105,0.023809523809523836
Linn,35,32,1948,67,0.02238805970149249
Devon,30,30,1948,60,0.0
Robbin,26,29,1948,55,0.027272727272727282
Leslie,2305,2358,1947,4663,0.005683036671670583
Jackie,1990,1660,1947,3650,0.045205479452054775
Jessie,1051,1157,1947,2208,0.02400362318840582
Frankie,587,507,1947,1094,0.03656307129798908
Toby,148,127,1947,275,0.038181818181818206
Lavern,126,122,1947,248,0.008064516129032251
Leigh,105,114,1947,219,0.02054794520547948
Darnell,65,61,1947,126,0.015873015873015928
Lindsay,61,59,1947,120,0.008333333333333304
Lennie,41,43,1947,84,0.011904761904761918
Leslie,2138,2139,1946,4277,0.00011690437222350303
Jackie,1729,1528,1946,3257,0.03085661651826832
Jessie,1020,1173,1946,2193,0.034883720930232565
Toby,126,116,1946,242,0.02066115702479343
Lavern,128,113,1946,241,0.03112033195020747
Trinidad,53,46,1946,99,0.03535353535353536
Jodie,36,42,1946,78,0.038461538461538436
Ardell,34,29,1946,63,0.03968253968253965
Robbin,30,28,1946,58,0.017241379310344862
Stacey,24,27,1946,51,0.02941176470588236
Leslie,1975,1704,1945,3679,0.036830660505572155
Jackie,1493,1261,1945,2754,0.042120551924473504
Jessie,940,1107,1945,2047,0.04079140205178311
Frankie,578,509,1945,1087,0.031738730450782016
Toby,123,133,1945,256,0.01953125
Lavern,120,112,1945,232,0.017241379310344862
Leigh,78,74,1945,152,0.013157894736842146
Artie,60,60,1945,120,0.0
Theo,48,53,1945,101,0.024752475247524774
Maxie,53,46,1945,99,0.03535353535353536
Jessie,1033,1217,1944,2250,0.040888888888888864
Jan,544,611,1944,1155,0.029004329004328977
Frankie,519,544,1944,1063,0.01175917215428035
Allison,41,45,1944,86,0.023255813953488358
Artie,41,40,1944,81,0.006172839506172867
Trinidad,40,35,1944,75,0.033333333333333326
Kris,36,33,1944,69,0.021739130434782594
Vernie,34,32,1944,66,0.015151515151515138
Ardell,31,35,1944,66,0.030303030303030276
Hilary,28,33,1944,61,0.04098360655737704
Jessie,1100,1313,1943,2413,0.04413593037712393
Jan,551,641,1943,1192,0.03775167785234901
Frankie,492,597,1943,1089,0.04820936639118456
Gerry,273,250,1943,523,0.02198852772466542
Artie,57,58,1943,115,0.004347826086956497
Barrie,48,44,1943,92,0.021739130434782594
Trinidad,46,38,1943,84,0.04761904761904767
Vernie,39,43,1943,82,0.024390243902439046
Ocie,43,37,1943,80,0.03749999999999998
Allison,34,38,1943,72,0.02777777777777779
Jan,512,534,1942,1046,0.010516252390057379
Frankie,489,533,1942,1022,0.021526418786692758
Robin,257,310,1942,567,0.046737213403880096
Carrol,127,140,1942,267,0.024344569288389517
Artie,50,61,1942,111,0.04954954954954954
Barrie,58,48,1942,106,0.047169811320754707
Lorenza,47,43,1942,90,0.022222222222222254
Ocie,45,43,1942,88,0.011363636363636354
Sheridan,44,44,1942,88,0.0
Allison,41,34,1942,75,0.046666666666666634
Lynn,1351,1259,1941,2610,0.017624521072796884
Jan,459,445,1941,904,0.007743362831858391
Frankie,413,486,1941,899,0.04060066740823137
Gale,287,338,1941,625,0.0408
Robin,208,239,1941,447,0.03467561521252799
Carrol,164,141,1941,305,0.03770491803278686
Alva,102,93,1941,195,0.023076923076923106
Rosario,55,63,1941,118,0.03389830508474578
Artie,60,50,1941,110,0.045454545454545414
Lesley,47,56,1941,103,0.043689320388349495
Lynn,1045,957,1940,2002,0.02197802197802201
Jan,349,331,1940,680,0.013235294117647012
Robin,200,206,1940,406,0.007389162561576346
Gerry,216,186,1940,402,0.03731343283582089
Carrol,170,154,1940,324,0.024691358024691357
Artie,61,54,1940,115,0.0304347826086957
Ocie,38,40,1940,78,0.01282051282051283
Ardell,36,40,1940,76,0.026315789473684237
Theo,38,32,1940,70,0.042857142857142816
Trinidad,35,33,1940,68,0.014705882352941124
Lynn,885,871,1939,1756,0.003986332574031914
Jan,308,304,1939,612,0.0032679738562091387
Gale,291,288,1939,579,0.002590673575129543
Gerry,169,200,1939,369,0.04200542005420055
Dana,144,169,1939,313,0.039936102236421744
Alva,140,117,1939,257,0.04474708171206221
Sydney,79,77,1939,156,0.0064102564102563875
Claudie,58,51,1939,109,0.032110091743119296
Lesley,43,36,1939,79,0.044303797468354444
Allison,33,28,1939,61,0.040983606557377095
Lynn,810,722,1938,1532,0.02872062663185382
Jan,317,269,1938,586,0.04095563139931746
Gerry,170,175,1938,345,0.00724637681159418
Carrol,170,140,1938,310,0.048387096774193505
Dana,132,151,1938,283,0.03356890459363959
Robin,125,104,1938,229,0.04585152838427953
Sydney,75,87,1938,162,0.037037037037037035
Rosario,50,59,1938,109,0.041284403669724745
Claudie,54,53,1938,107,0.004672897196261627
Ardell,44,48,1938,92,0.021739130434782594
Jan,245,239,1937,484,0.006198347107438051
Gerry,167,148,1937,315,0.030158730158730163
Carrol,157,133,1937,290,0.04137931034482756
Dana,133,150,1937,283,0.030035335689045928
Sydney,93,91,1937,184,0.005434782608695676
Robin,93,80,1937,173,0.037572254335260125
Cruz,60,58,1937,118,0.008474576271186418
Rosario,58,54,1937,112,0.017857142857142905
Lesley,39,36,1937,75,0.020000000000000018
Theo,40,33,1937,73,0.047945205479452024
Jan,272,229,1936,501,0.04291417165668665
Gerry,134,140,1936,274,0.010948905109489038
Sydney,82,97,1936,179,0.041899441340782106
Robin,80,69,1936,149,0.03691275167785235
Sandy,74,62,1936,136,0.044117647058823484
Cruz,58,62,1936,120,0.016666666666666663
Jamie,49,49,1936,98,0.0
Ardell,41,48,1936,89,0.0393258426966292
Rosario,46,38,1936,84,0.04761904761904767
Earlie,31,37,1936,68,0.04411764705882354
Jan,196,188,1935,384,0.01041666666666663
Gerry,116,140,1935,256,0.046875
Dana,120,128,1935,248,0.016129032258064502
Sydney,79,94,1935,173,0.04335260115606937
Sandy,68,66,1935,134,0.007462686567164201
Claudie,72,59,1935,131,0.04961832061068705
Jamie,55,49,1935,104,0.028846153846153855
Rosario,42,41,1935,83,0.0060240963855421326
Trinidad,41,41,1935,82,0.0
Lorenza,41,34,1935,75,0.046666666666666634
Jan,145,160,1934,305,0.024590163934426257
Gerry,104,126,1934,230,0.04782608695652174
Cruz,53,47,1934,100,0.030000000000000027
Jamie,44,52,1934,96,0.041666666666666685
Trinidad,43,43,1934,86,0.0
Garnett,42,44,1934,86,0.011627906976744207
Dell,45,38,1934,83,0.04216867469879515
Ocie,41,37,1934,78,0.02564102564102566
Rosario,39,35,1934,74,0.027027027027026973
Shannon,32,38,1934,70,0.04285714285714287
Maxie,76,74,1933,150,0.00666666666666671
Claudie,69,64,1933,133,0.018796992481203034
Robin,69,58,1933,127,0.04330708661417326
Vernie,55,63,1933,118,0.03389830508474578
Ardell,49,59,1933,108,0.04629629629629628
Dell,48,47,1933,95,0.0052631578947368585
Jamie,45,49,1933,94,0.021276595744680826
Ocie,46,47,1933,93,0.005376344086021501
Trinidad,39,38,1933,77,0.00649350649350644
Sherrill,39,37,1933,76,0.013157894736842146
Maxie,97,87,1932,184,0.02717391304347827
Robin,68,58,1932,126,0.03968253968253965
Vernie,55,64,1932,119,0.037815126050420145
Kaye,63,55,1932,118,0.03389830508474578
Claudie,60,57,1932,117,0.012820512820512775
Gean,22,26,1932,48,0.041666666666666685
Shannon,24,23,1932,47,0.010638297872340385
Rossie,21,18,1932,39,0.038461538461538436
Scottie,20,17,1932,37,0.04054054054054057
Lavelle,17,20,1932,37,0.040540540540540515
Guadalupe,316,348,1931,664,0.024096385542168697
Meredith,69,72,1931,141,0.010638297872340441
Cruz,69,68,1931,137,0.0036496350364964014
Maxie,62,71,1931,133,0.03383458646616544
Claudie,55,58,1931,113,0.013274336283185861
Ardell,50,59,1931,109,0.041284403669724745
Ocie,48,57,1931,105,0.04285714285714287
Trinidad,51,52,1931,103,0.004854368932038833
Kaye,48,49,1931,97,0.005154639175257714
Lorenza,38,37,1931,75,0.00666666666666671
Marlyn,81,87,1930,168,0.01785714285714285
Vernie,67,80,1930,147,0.044217687074829926
Cruz,64,61,1930,125,0.01200000000000001
Garnett,59,54,1930,113,0.02212389380530977
Trinidad,47,57,1930,104,0.04807692307692307
Lorenza,41,43,1930,84,0.011904761904761918
Kaye,29,34,1930,63,0.03968253968253971
Odie,30,29,1930,59,0.008474576271186418
Arlis,30,28,1930,58,0.017241379310344862
Natividad,28,26,1930,54,0.01851851851851849
Gail,147,172,1929,319,0.03918495297805641
Mickey,105,90,1929,195,0.038461538461538436
Theo,75,71,1929,146,0.013698630136986356
Marlyn,68,78,1929,146,0.03424657534246578
Claudie,70,73,1929,143,0.010489510489510467
Garnett,55,65,1929,120,0.041666666666666685
Ocie,56,57,1929,113,0.004424778761061954
Lorenza,44,44,1929,88,0.0
Jamie,41,47,1929,88,0.034090909090909116
Earlie,30,26,1929,56,0.0357142857142857
Gail,176,173,1928,349,0.004297994269340966
Mickey,93,94,1928,187,0.002673796791443861
Meredith,87,95,1928,182,0.021978021978021955
Maxie,79,78,1928,157,0.0031847133757961776
Cruz,77,72,1928,149,0.016778523489932917
Garnett,56,66,1928,122,0.04098360655737704
Lorenza,50,55,1928,105,0.023809523809523836
Natividad,43,41,1928,84,0.011904761904761862
Myrl,39,41,1928,80,0.012500000000000011
Golden,38,33,1928,71,0.035211267605633756
Jackie,486,451,1927,937,0.01867662753468513
Terry,180,162,1927,342,0.02631578947368418
Donnie,91,92,1927,183,0.002732240437158473
Gayle,87,96,1927,183,0.024590163934426257
Claudie,87,94,1927,181,0.01933701657458564
Mickey,91,84,1927,175,0.020000000000000018
Meredith,77,93,1927,170,0.047058823529411764
Cruz,75,62,1927,137,0.04744525547445255
Garnett,71,66,1927,137,0.018248175182481785
Marlyn,52,63,1927,115,0.04782608695652174
Jackie,361,333,1926,694,0.02017291066282423
Pat,297,337,1926,634,0.03154574132492116
Gail,189,206,1926,395,0.021518987341772156
Terry,165,145,1926,310,0.032258064516129004
Theo,104,90,1926,194,0.03608247422680411
Garnett,72,61,1926,133,0.041353383458646586
Vernie,61,71,1926,132,0.0378787878787879
Laurie,44,41,1926,85,0.01764705882352946
Dell,43,37,1926,80,0.03749999999999998
Ozell,36,43,1926,79,0.044303797468354444
Jackie,276,267,1925,543,0.008287292817679592
Gail,179,163,1925,342,0.023391812865497075
Theo,98,102,1925,200,0.010000000000000009
Meredith,83,91,1925,174,0.022988505747126464
Cruz,85,76,1925,161,0.02795031055900621
Garnett,79,76,1925,155,0.009677419354838679
Odie,48,41,1925,89,0.0393258426966292
Robin,47,42,1925,89,0.028089887640449396
Lorenza,41,47,1925,88,0.034090909090909116
Natividad,35,41,1925,76,0.03947368421052633
Gail,172,165,1924,337,0.010385756676557834
Terry,140,116,1924,256,0.046875
Santos,111,100,1924,211,0.026066350710900466
Theo,97,111,1924,208,0.033653846153846145
Maxie,79,88,1924,167,0.026946107784431128
Vernie,81,85,1924,166,0.01204819277108432
Meredith,76,82,1924,158,0.01898734177215189
Garnett,66,61,1924,127,0.019685039370078705
Ardell,53,62,1924,115,0.03913043478260869
Marlyn,50,46,1924,96,0.02083333333333337
Patsy,296,334,1923,630,0.030158730158730163
Claudie,87,100,1923,187,0.034759358288770026
Garnett,82,82,1923,164,0.0
Maxie,75,87,1923,162,0.037037037037037035
Cruz,71,84,1923,155,0.04193548387096774
Meredith,71,81,1923,152,0.032894736842105254
Mickey,63,72,1923,135,0.033333333333333326
Dell,45,42,1923,87,0.017241379310344862
Carnell,24,24,1923,48,0.0
Jeffie,19,21,1923,40,0.025000000000000022
Patsy,307,277,1922,584,0.025684931506849362
Theo,109,102,1922,211,0.016587677725118488
Meredith,95,94,1922,189,0.002645502645502673
Garnett,83,86,1922,169,0.008875739644970404
Mickey,60,71,1922,131,0.041984732824427495
Golden,44,50,1922,94,0.03191489361702127
Dell,43,47,1922,90,0.0222222222222222
Luverne,40,39,1922,79,0.006329113924050667
Robin,37,33,1922,70,0.02857142857142858
Dannie,30,29,1922,59,0.008474576271186418
Gail,177,204,1921,381,0.035433070866141725
Theo,107,96,1921,203,0.027093596059113323
Meredith,101,99,1921,200,0.0050000000000000044
Dana,107,89,1921,196,0.04591836734693877
Claudie,90,97,1921,187,0.01871657754010697
Garnett,78,81,1921,159,0.009433962264150941
Ardell,65,65,1921,130,0.0
Cruz,58,68,1921,126,0.03968253968253971
Laurel,55,63,1921,118,0.03389830508474578
Golden,58,58,1921,116,0.0
Gail,171,181,1920,352,0.01420454545454547
Claudie,93,109,1920,202,0.039603960396039584
Theo,97,98,1920,195,0.002564102564102555
Garnett,87,99,1920,186,0.03225806451612906
Mickey,56,67,1920,123,0.044715447154471566
Lorenza,55,58,1920,113,0.013274336283185861
Golden,51,44,1920,95,0.0368421052631579
Refugio,46,39,1920,85,0.04117647058823526
Luverne,41,40,1920,81,0.006172839506172867
Bernell,27,23,1920,50,0.040000000000000036
Gail,176,184,1919,360,0.011111111111111127
Theo,92,109,1919,201,0.04228855721393032
Garnett,76,69,1919,145,0.024137931034482807
Meredith,77,66,1919,143,0.038461538461538436
Cruz,65,67,1919,132,0.007575757575757569
Golden,66,62,1919,128,0.015625
Mickey,47,47,1919,94,0.0
Luverne,38,43,1919,81,0.030864197530864224
Dell,43,37,1919,80,0.03749999999999998
Lorenza,39,39,1919,78,0.0
Gail,170,206,1918,376,0.0478723404255319
Theo,87,105,1918,192,0.046875
Meredith,93,82,1918,175,0.03142857142857147
Garnett,75,88,1918,163,0.039877300613496924
Cruz,41,47,1918,88,0.034090909090909116
France,39,35,1918,74,0.027027027027026973
Refugio,36,37,1918,73,0.006849315068493178
Ozie,31,27,1918,58,0.03448275862068961
Dannie,21,22,1918,43,0.011627906976744207
Bernell,21,20,1918,41,0.012195121951219523
Theo,89,91,1917,180,0.005555555555555536
Meredith,74,63,1917,137,0.04014598540145986
Garnett,70,66,1917,136,0.014705882352941124
Jonnie,52,50,1917,102,0.009803921568627416
Odie,54,47,1917,101,0.034653465346534684
Dell,40,35,1917,75,0.033333333333333326
Mickey,35,30,1917,65,0.038461538461538436
Dannie,21,24,1917,45,0.033333333333333326
Mannie,23,19,1917,42,0.04761904761904767
Jan,22,20,1917,42,0.023809523809523836
Theo,96,98,1916,194,0.005154639175257714
Meredith,69,66,1916,135,0.011111111111111072
Odie,53,56,1916,109,0.01376146788990823
Golden,48,56,1916,104,0.038461538461538436
Jonnie,47,48,1916,95,0.0052631578947368585
Santos,47,41,1916,88,0.03409090909090906
Burnice,41,46,1916,87,0.028735632183908066
Dell,43,43,1916,86,0.0
Mickey,33,38,1916,71,0.03521126760563381
Laurel,31,37,1916,68,0.04411764705882354
Gail,143,135,1915,278,0.014388489208633115
Theo,91,98,1915,189,0.018518518518518545
Odie,57,48,1915,105,0.042857142857142816
Ivory,52,45,1915,97,0.03608247422680411
Golden,45,47,1915,92,0.010869565217391297
Santos,40,45,1915,85,0.02941176470588236
Laurel,40,41,1915,81,0.006172839506172867
Dell,35,40,1915,75,0.033333333333333326
Cruz,38,36,1915,74,0.013513513513513487
Trinidad,30,29,1915,59,0.008474576271186418
Gail,88,102,1914,190,0.0368421052631579
Claudie,56,60,1914,116,0.017241379310344807
Ardell,35,42,1914,77,0.04545454545454547
Golden,40,35,1914,75,0.033333333333333326
Odie,32,38,1914,70,0.04285714285714287
Laurel,36,33,1914,69,0.021739130434782594
Santos,35,34,1914,69,0.007246376811594235
Jonnie,28,34,1914,62,0.04838709677419356
Burnice,25,27,1914,52,0.019230769230769218
Verle,22,24,1914,46,0.021739130434782594
Alva,167,142,1913,309,0.04045307443365698
Gail,61,58,1913,119,0.012605042016806678
Meredith,43,38,1913,81,0.030864197530864224
Odie,39,36,1913,75,0.020000000000000018
Jonnie,31,30,1913,61,0.008196721311475419
Dell,28,28,1913,56,0.0
Laurie,19,22,1913,41,0.036585365853658514
Carmon,15,16,1913,31,0.016129032258064502
Hollie,13,15,1913,28,0.0357142857142857
Bobby,14,13,1913,27,0.01851851851851849
Merle,268,221,1912,489,0.04805725971370145
Alva,138,125,1912,263,0.024714828897338448
Patsy,119,99,1912,218,0.04587155963302747
Theo,50,53,1912,103,0.014563106796116498
Ivory,30,34,1912,64,0.03125
Odie,31,28,1912,59,0.025423728813559365
Laurel,23,23,1912,46,0.0
Santos,22,20,1912,42,0.023809523809523836
Burnice,18,22,1912,40,0.04999999999999999
Earlie,18,21,1912,39,0.038461538461538436
Patsy,74,68,1911,142,0.021126760563380254
Ivory,31,36,1911,67,0.03731343283582089
Theo,31,36,1911,67,0.03731343283582089
Lavern,24,24,1911,48,0.0
Jonnie,24,21,1911,45,0.033333333333333326
Ozie,17,18,1911,35,0.01428571428571429
Meredith,16,16,1911,32,0.0
Lorenza,15,13,1911,28,0.0357142857142857
Bee,12,13,1911,25,0.020000000000000018
Algie,12,10,1911,22,0.045454545454545414
Theo,35,29,1910,64,0.046875
Ivory,27,32,1910,59,0.0423728813559322
Arlie,23,26,1910,49,0.030612244897959162
Golden,21,25,1910,46,0.043478260869565244
Odie,21,24,1910,45,0.033333333333333326
Dana,19,21,1910,40,0.025000000000000022
Verne,19,18,1910,37,0.013513513513513487
Lavern,17,17,1910,34,0.0
Alvie,15,15,1910,30,0.0
Vester,15,13,1910,28,0.0357142857142857
Alva,68,70,1909,138,0.00724637681159418
Odell,49,52,1909,101,0.014851485148514865
Golden,26,25,1909,51,0.009803921568627416
Lacy,23,19,1909,42,0.04761904761904767
Meredith,17,16,1909,33,0.015151515151515138
Lavern,16,14,1909,30,0.033333333333333326
Lorenza,12,11,1909,23,0.021739130434782594
Stacy,8,9,1909,17,0.02941176470588236
Elza,8,8,1909,16,0.0
Toby,8,8,1909,16,0.0
Odell,52,45,1908,97,0.03608247422680411
Bernie,19,16,1908,35,0.042857142857142816
Ivory,19,16,1908,35,0.042857142857142816
Augustine,17,18,1908,35,0.01428571428571429
Osie,14,16,1908,30,0.033333333333333326
Meredith,15,14,1908,29,0.017241379310344862
Dana,14,15,1908,29,0.017241379310344807
Bee,12,13,1908,25,0.020000000000000018
Earlie,12,10,1908,22,0.045454545454545414
Almer,9,10,1908,19,0.026315789473684237
Odell,38,44,1907,82,0.036585365853658514
Theo,29,31,1907,60,0.016666666666666663
Arlie,26,22,1907,48,0.04166666666666663
Ivory,19,19,1907,38,0.0
Jonnie,14,17,1907,31,0.04838709677419356
Ardell,9,11,1907,20,0.04999999999999999
Ivey,10,9,1907,19,0.02631578947368418
Lavern,9,8,1907,17,0.02941176470588236
Lorenza,8,9,1907,17,0.02941176470588236
Elgie,7,8,1907,15,0.033333333333333326
Tommie,79,79,1906,158,0.0
Merle,72,84,1906,156,0.038461538461538436
Alva,64,65,1906,129,0.003875968992248069
Odell,48,43,1906,91,0.027472527472527486
Augustine,22,23,1906,45,0.011111111111111127
Oral,14,14,1906,28,0.0
Toy,9,9,1906,18,0.0
Vester,8,9,1906,17,0.02941176470588236
Love,8,8,1906,16,0.0
Jonnie,8,7,1906,15,0.033333333333333326
Tommie,61,72,1905,133,0.04135338345864664
Alva,57,58,1905,115,0.004347826086956497
Odell,30,32,1905,62,0.016129032258064502
Ivory,21,20,1905,41,0.012195121951219523
Odie,18,21,1905,39,0.038461538461538436
Lacy,18,15,1905,33,0.045454545454545414
Beverly,16,16,1905,32,0.0
Vester,14,12,1905,26,0.038461538461538436
Jodie,12,12,1905,24,0.0
Unknown,9,11,1905,20,0.04999999999999999
Tommie,60,58,1904,118,0.008474576271186418
Alva,49,49,1904,98,0.0
Odell,34,29,1904,63,0.03968253968253965
Sammie,34,28,1904,62,0.048387096774193505
Theo,27,31,1904,58,0.03448275862068967
Odie,17,20,1904,37,0.040540540540540515
Golden,17,18,1904,35,0.01428571428571429
Jonnie,15,13,1904,28,0.0357142857142857
Elzie,13,12,1904,25,0.020000000000000018
Vester,13,12,1904,25,0.020000000000000018
Alva,50,58,1903,108,0.037037037037037035
Arlie,17,19,1903,36,0.02777777777777779
Garnett,17,19,1903,36,0.02777777777777779
Augustine,14,12,1903,26,0.038461538461538436
Ivory,11,12,1903,23,0.021739130434782594
Dell,9,10,1903,19,0.026315789473684237
Trinidad,9,10,1903,19,0.026315789473684237
Bee,8,9,1903,17,0.02941176470588236
Dannie,7,7,1903,14,0.0
Merl,7,7,1903,14,0.0
Alva,60,54,1902,114,0.02631578947368418
Ivory,19,17,1902,36,0.02777777777777779
Arlie,16,14,1902,30,0.033333333333333326
Beverly,12,12,1902,24,0.0
Meredith,9,8,1902,17,0.02941176470588236
Tollie,8,7,1902,15,0.033333333333333326
Estel,7,7,1902,14,0.0
Olie,7,7,1902,14,0.0
Vester,7,6,1902,13,0.038461538461538436
Rosario,6,5,1902,11,0.045454545454545414
Alva,59,49,1901,108,0.04629629629629628
Tommie,55,46,1901,101,0.044554455445544594
Freddie,29,25,1901,54,0.03703703703703709
Sammie,19,20,1901,39,0.01282051282051283
Theo,18,19,1901,37,0.013513513513513487
Odell,19,16,1901,35,0.042857142857142816
Dee,16,17,1901,33,0.015151515151515138
Augustine,13,14,1901,27,0.018518518518518545
Lorenza,9,8,1901,17,0.02941176470588236
Estel,8,8,1901,16,0.0
Jimmie,118,98,1900,216,0.04629629629629628
Alva,73,67,1900,140,0.021428571428571463
Odell,29,29,1900,58,0.0
Dana,19,20,1900,39,0.01282051282051283
Unknown,16,15,1900,31,0.016129032258064502
Jonnie,15,16,1900,31,0.016129032258064502
Oral,15,13,1900,28,0.0357142857142857
Laurie,11,13,1900,24,0.041666666666666685
Earlie,11,11,1900,22,0.0
Jodie,11,10,1900,21,0.023809523809523836
Jimmie,61,54,1899,115,0.0304347826086957
Freddie,25,21,1899,46,0.04347826086956519
Sammie,19,22,1899,41,0.036585365853658514
Dana,15,15,1899,30,0.0
Jodie,13,12,1899,25,0.020000000000000018
Odell,12,10,1899,22,0.045454545454545414
Dell,8,9,1899,17,0.02941176470588236
Courtney,8,8,1899,16,0.0
Jonnie,8,7,1899,15,0.033333333333333326
Orie,8,7,1899,15,0.033333333333333326
Jimmie,64,60,1898,124,0.016129032258064502
Alva,67,56,1898,123,0.04471544715447151
Freddie,20,21,1898,41,0.012195121951219523
Sammie,14,17,1898,31,0.04838709677419356
Augustine,14,14,1898,28,0.0
Odie,13,13,1898,26,0.0
Dell,12,14,1898,26,0.038461538461538436
Odell,10,12,1898,22,0.04545454545454547
Jodie,9,8,1898,17,0.02941176470588236
Montie,7,8,1898,15,0.033333333333333326
Jimmie,49,58,1897,107,0.042056074766355145
Odell,13,11,1897,24,0.04166666666666663
Sammie,12,12,1897,24,0.0
Augustine,12,11,1897,23,0.021739130434782594
Ossie,9,10,1897,19,0.026315789473684237
Jule,9,9,1897,18,0.0
Dell,9,8,1897,17,0.02941176470588236
Bernie,8,8,1897,16,0.0
Earlie,7,7,1897,14,0.0
Dennie,6,5,1897,11,0.045454545454545414
Alva,68,76,1896,144,0.02777777777777779
Odie,16,17,1896,33,0.015151515151515138
Jodie,13,13,1896,26,0.0
Ivory,10,12,1896,22,0.04545454545454547
Earlie,10,9,1896,19,0.02631578947368418
Garnett,9,10,1896,19,0.026315789473684237
Bee,9,9,1896,18,0.0
Offie,7,6,1896,13,0.038461538461538436
Laurel,6,6,1896,12,0.0
Mannie,6,6,1896,12,0.0
Johnnie,120,103,1895,223,0.03811659192825112
Alva,74,61,1895,135,0.04814814814814816
Tommie,38,38,1895,76,0.0
Byrd,10,10,1895,20,0.0
Shellie,8,9,1895,17,0.02941176470588236
Vester,8,8,1895,16,0.0
Courtney,7,8,1895,15,0.033333333333333326
Ernie,7,8,1895,15,0.033333333333333326
Bee,7,7,1895,14,0.0
Alvie,7,6,1895,13,0.038461538461538436
Jimmie,44,53,1894,97,0.04639175257731959
Tommie,31,29,1894,60,0.01666666666666672
Freddie,28,26,1894,54,0.01851851851851849
Dell,13,11,1894,24,0.04166666666666663
Ivory,8,9,1894,17,0.02941176470588236
Orie,8,8,1894,16,0.0
Rene,7,7,1894,14,0.0
Augustine,6,7,1894,13,0.038461538461538436
Quincy,5,5,1894,10,0.0
Jimmie,46,52,1893,98,0.030612244897959162
Tommie,27,30,1893,57,0.026315789473684237
Arlie,18,16,1893,34,0.02941176470588236
Odie,14,16,1893,30,0.033333333333333326
Oral,10,11,1893,21,0.023809523809523836
Sammie,9,11,1893,20,0.04999999999999999
Otha,9,9,1893,18,0.0
Stacy,7,7,1893,14,0.0
Carlie,6,7,1893,13,0.038461538461538436
Lexie,6,6,1893,12,0.0
Arlie,18,16,1892,34,0.02941176470588236
Jodie,10,9,1892,19,0.02631578947368418
Stacy,8,7,1892,15,0.033333333333333326
Quincy,7,6,1892,13,0.038461538461538436
Rene,7,6,1892,13,0.038461538461538436
Monte,6,7,1892,13,0.038461538461538436
Dennie,5,5,1892,10,0.0
Lemmie,5,5,1892,10,0.0
Orrie,5,5,1892,10,0.0
Jimmie,40,41,1891,81,0.006172839506172867
Tommie,28,25,1891,53,0.028301886792452824
Arlie,16,16,1891,32,0.0
Gene,15,16,1891,31,0.016129032258064502
Verne,13,13,1891,26,0.0
Jule,10,12,1891,22,0.04545454545454547
Garnett,8,9,1891,17,0.02941176470588236
Oral,8,7,1891,15,0.033333333333333326
Jonnie,7,8,1891,15,0.033333333333333326
Zollie,6,7,1891,13,0.038461538461538436
Louie,39,33,1890,72,0.04166666666666663
Augustine,13,14,1890,27,0.018518518518518545
Theo,12,12,1890,24,0.0
Freddie,9,10,1890,19,0.026315789473684237
Billie,8,9,1890,17,0.02941176470588236
Bee,8,7,1890,15,0.033333333333333326
Orie,7,8,1890,15,0.033333333333333326
Shellie,7,8,1890,15,0.033333333333333326
Dana,7,7,1890,14,0.0
Orrie,7,6,1890,13,0.038461538461538436
Merle,35,42,1889,77,0.04545454545454547
Tommie,32,29,1889,61,0.024590163934426257
Odie,17,16,1889,33,0.015151515151515138
Sammie,14,16,1889,30,0.033333333333333326
Lonie,14,15,1889,29,0.017241379310344807
Billie,14,13,1889,27,0.01851851851851849
Arlie,11,12,1889,23,0.021739130434782594
Golden,9,11,1889,20,0.04999999999999999
Augustine,8,9,1889,17,0.02941176470588236
Mell,8,8,1889,16,0.0
Jimmie,32,36,1888,68,0.02941176470588236
Tommie,21,20,1888,41,0.012195121951219523
Gene,12,12,1888,24,0.0
Bee,10,10,1888,20,0.0
Golden,10,9,1888,19,0.02631578947368418
Augustine,9,9,1888,18,0.0
Ossie,8,8,1888,16,0.0
Freddie,7,8,1888,15,0.033333333333333326
Kay,6,6,1888,12,0.0
Jimmie,33,32,1887,65,0.007692307692307665
Louie,31,28,1887,59,0.025423728813559365
Tommie,18,21,1887,39,0.038461538461538436
Golden,7,8,1887,15,0.033333333333333326
Ivory,7,7,1887,14,0.0
Laurel,5,6,1887,11,0.04545454545454547
Sammie,5,6,1887,11,0.04545454545454547
Orie,5,5,1887,10,0.0
Jimmie,37,36,1886,73,0.006849315068493178
Shirley,17,16,1886,33,0.015151515151515138
Dana,8,8,1886,16,0.0
Jodie,8,7,1886,15,0.033333333333333326
Byrd,7,8,1886,15,0.033333333333333326
Guadalupe,7,8,1886,15,0.033333333333333326
Hollie,7,6,1886,13,0.038461538461538436
Laurie,6,7,1886,13,0.038461538461538436
Gay,6,5,1886,11,0.045454545454545414
Montie,5,6,1886,11,0.04545454545454547
Jimmie,25,28,1885,53,0.028301886792452824
Shirley,17,16,1885,33,0.015151515151515138
Tracy,12,12,1885,24,0.0
Love,7,8,1885,15,0.033333333333333326
Odie,7,7,1885,14,0.0
Ossie,7,6,1885,13,0.038461538461538436
Laverne,6,7,1885,13,0.038461538461538436
Atha,5,6,1885,11,0.04545454545454547
Olie,5,6,1885,11,0.04545454545454547
Sammie,5,6,1885,11,0.04545454545454547
Marion,184,181,1884,365,0.004109589041095929
Merle,19,16,1884,35,0.042857142857142816
Dana,11,10,1884,21,0.023809523809523836
Verne,8,8,1884,16,0.0
Byrd,8,7,1884,15,0.033333333333333326
Freddie,8,7,1884,15,0.033333333333333326
Lonie,8,7,1884,15,0.033333333333333326
Jewel,6,6,1884,12,0.0
Sammie,5,6,1884,11,0.04545454545454547
Marion,163,184,1883,347,0.030259365994236287
Dell,11,13,1883,24,0.041666666666666685
Orrie,7,7,1883,14,0.0
Bee,7,6,1883,13,0.038461538461538436
Dana,6,7,1883,13,0.038461538461538436
Orie,6,5,1883,11,0.045454545454545414
Mannie,5,6,1883,11,0.04545454545454547
Jodie,5,5,1883,10,0.0
Marion,157,141,1882,298,0.02684563758389258
Jimmie,20,22,1882,42,0.023809523809523836
Merle,13,11,1882,24,0.04166666666666663
Theo,12,10,1882,22,0.045454545454545414
Odie,11,10,1882,21,0.023809523809523836
Augustine,8,8,1882,16,0.0
Tommie,8,8,1882,16,0.0
Gail,7,8,1882,15,0.033333333333333326
Camille,6,7,1882,13,0.038461538461538436
Verne,5,6,1882,11,0.04545454545454547
Louie,31,28,1881,59,0.025423728813559365
Jimmie,20,22,1881,42,0.023809523809523836
Fay,15,18,1881,33,0.04545454545454547
Dell,13,12,1881,25,0.020000000000000018
Ocie,9,11,1881,20,0.04999999999999999
Theo,8,8,1881,16,0.0
Bird,6,6,1881,12,0.0
Fay,15,13,1880,28,0.0357142857142857
Erie,6,6,1880,12,0.0
Sammie,6,6,1880,12,0.0
Jewel,5,5,1880,10,0.0
